100 (0.00) 60000000.00000000 (47.619%) 0.00000000
1000 (0.00) 60000148.33332948 (47.619%) 0.37037037
10000 (0.02) 60022233.74995281 (47.637%) 4.53703703
100000 (0.19) 61556681.08159213 (48.855%) 19.74103221
1000000 (1.90) 77470569.94056870 (61.485%) 15.62316983
2000000 (3.80) 90806036.16910458 (72.068%) 11.04776720
2970249 (5.65) 100000005.30128230 (79.365%) 8.30424368
3000000 (5.70) 100246052.37361959 (79.560%) 8.23618228
4000000 (7.61) 107338382.84995925 (85.189%) 5.94848096
5000000 (9.51) 112339007.24181412 (89.158%) 4.33038982
6000000 (11.41) 116097471.15977167 (92.141%) 3.18653916
7000000 (13.31) 118757792.81696410 (94.252%) 2.27134425
8000000 (15.21) 120743174.11458489 (95.828%) 1.69941892
9000000 (17.11) 122163190.33142085 (96.955%) 1.18874679
9660041 (18.37) 122885520.45176640 (97.528%) 0.99999971
10000000 (19.01) 123208955.64830227 (97.785%) 0.90278413
11000000 (20.91) 123968816.77901909 (98.388%) 0.62091073
12000000 (22.82) 124518236.77024531 (98.824%) 0.47792940
13000000 (24.72) 124924675.42911427 (99.147%) 0.33494806
14000000 (26.62) 125213535.17097349 (99.376%) 0.25223336
15000000 (28.52) 125430023.16555071 (99.548%) 0.18074270
16000000 (30.42) 125582744.62107316 (99.669%) 0.13275101
17000000 (32.32) 125697622.94968314 (99.760%) 0.09700568
18000000 (34.22) 125778745.13466941 (99.824%) 0.06969267
19000000 (36.12) 125839501.46338509 (99.873%) 0.05182000
20000000 (38.03) 125882751.11633006 (99.907%) 0.03650492
21000000 (39.93) 125914787.86164322 (99.932%) 0.02756858
22000000 (41.83) 125937910.88313335 (99.951%) 0.01908174
23000000 (43.73) 125954758.54001758 (99.964%) 0.01461358
24000000 (45.63) 125967138.03026567 (99.974%) 0.01014541
25000000 (47.53) 125975984.57058153 (99.981%) 0.00772143
26000000 (49.43) 125982588.95818794 (99.986%) 0.00548735
27000000 (51.33) 125987256.40691528 (99.990%) 0.00406803
28000000 (53.24) 125990765.91604427 (99.993%) 0.00295099
29000000 (55.14) 125993240.96681908 (99.995%) 0.00213767
30000000 (57.04) 125995099.37899046 (99.996%) 0.00157915
31000000 (58.94) 125996417.18733276 (99.997%) 0.00112066
32000000 (60.84) 125997398.22151874 (99.998%) 0.00084140
33000000 (62.74) 125998102.07499360 (99.998%) 0.00058624
34000000 (64.64) 125998618.49988674 (99.999%) 0.00044661
35000000 (66.54) 125998995.29492998 (99.999%) 0.00030698
36000000 (68.45) 125999266.46154787 (99.999%) 0.00023625
37000000 (70.35) 125999467.80842035 (100.000%) 0.00016644
38000000 (72.25) 125999610.55122785 (100.000%) 0.00012460
39000000 (74.15) 125999717.69987187 (100.000%) 0.00008970
40000000 (76.05) 125999793.24884455 (100.000%) 0.00006553
41000000 (77.95) 125999850.05491954 (100.000%) 0.00004808
42000000 (79.85) 125999890.21573827 (100.000%) 0.00003438
43000000 (81.76) 125999920.23446730 (100.000%) 0.00002566
44000000 (83.66) 125999941.65718848 (100.000%) 0.00001799
45000000 (85.56) 125999957.46875884 (100.000%) 0.00001363
46000000 (87.46) 125999968.92119063 (100.000%) 0.00000939
47000000 (89.36) 125999977.22246917 (100.000%) 0.00000721
48000000 (91.26) 125999983.34356838 (100.000%) 0.00000503
49000000 (93.16) 125999987.70070136 (100.000%) 0.00000380
50000000 (95.06) 125999990.96014690 (100.000%) 0.00000271
51000000 (96.97) 125999993.25940654 (100.000%) 0.00000200
52000000 (98.87) 125999994.98769552 (100.000%) 0.00000146
53000000 (100.77) 125999996.20334448 (100.000%) 0.00000104
54000000 (102.67) 125999997.11049119 (100.000%) 0.00000077
55000000 (104.57) 125999997.75078708 (100.000%) 0.00000054
56000000 (106.47) 125999998.22055873 (100.000%) 0.00000040
57000000 (108.37) 125999998.55538414 (100.000%) 0.00000027
58000000 (110.27) 125999998.79369438 (100.000%) 0.00000020
59000000 (112.18) 125999998.96531682 (100.000%) 0.00000014
60000000 (114.08) 125999999.08623451 (100.000%) 0.00000010
61000000 (115.98) 125999999.17470679 (100.000%) 0.00000007
62000000 (117.88) 125999999.23263305 (100.000%) 0.00000005
63000000 (119.78) 125999999.27241533 (100.000%) 0.00000003
64000000 (121.68) 125999999.29667331 (100.000%) 0.00000002
65000000 (123.58) 125999999.30821665 (100.000%) 0.00000001
65611400 (124.75) 125999999.31433062 (100.000%) 0.00000000
